camera_matrix:
- 524.2468718204431
- 0.0
- 311.6464385906262
- 0.0
- 528.1012041281226
- 266.168726438786
- 0.0
- 0.0
- 1.0
distortion_coefficients:
- 0.28086664487982727
- -0.8901472462275212
- 0.023292063769417448
- -0.008250396550927715
- 1.1635918347669574
image_height: 480
image_width: 640
